1	1	-62.919597142508444
2	1	24.132219052570168
2	2	-17.967297716934848
3	1	-19.243560064165134
3	2	-1.015614720879224
3	3	-17.426857742155043
4	1	-4.829835418361128
4	2	-4.721623225345896
4	3	-6.941617162651161
4	4	-6.762289129946099
5	1	-0.007887687447557
5	2	-0.025314766051098
5	3	-0.030026621041597
5	4	-0.020056350046071
5	5	-16.361759461635412
6	1	0.000000000000000
6	2	0.000000000000000
6	3	0.000000000000000
6	4	0.000000000000000
6	5	0.000000000000000
6	6	-16.358160456354057
7	1	-0.000000000000000
7	2	-0.000000000000000
7	3	-0.000000000000000
7	4	-0.000000000000000
7	5	-0.000000000000000
7	6	0.000000000000000
7	7	-16.364152852340400
8	1	-0.001858373955412
8	2	-0.051710938805435
8	3	-0.025419620491712
8	4	-0.061279029712430
8	5	-7.035736167099809
8	6	0.000000000000000
8	7	-0.000000000000000
8	8	-7.730330801720479
9	1	0.000000000000000
9	2	0.000000000000000
9	3	0.000000000000000
9	4	0.000000000000000
9	5	0.000000000000000
9	6	-7.031837273029555
9	7	0.000000000000000
9	8	0.000000000000000
9	9	-7.715761634806539
10	1	-0.000000000000000
10	2	-0.000000000000000
10	3	-0.000000000000000
10	4	0.000000000000000
10	5	-0.000000000000000
10	6	0.000000000000000
10	7	-7.038328988198416
10	8	-0.000000000000000
10	9	0.000000000000000
10	10	-7.740019509000779
11	1	-0.000307891520291
11	2	-0.035249613086643
11	3	-0.009921480528006
11	4	-0.087089732015367
11	5	-2.173712959527625
11	6	0.000000000000000
11	7	-0.000000000000000
11	8	-4.119723474463279
11	9	0.000000000000000
11	10	-0.000000000000000
11	11	-4.470199122783572
12	1	0.000000000000000
12	2	0.000000000000000
12	3	0.000000000000000
12	4	0.000000000000000
12	5	0.000000000000000
12	6	-2.172097096310948
12	7	0.000000000000000
12	8	0.000000000000000
12	9	-4.105135378928689
12	10	0.000000000000000
12	11	0.000000000000000
12	12	-4.423030260484086
13	1	-0.000000000000000
13	2	-0.000000000000000
13	3	-0.000000000000000
13	4	-0.000000000000000
13	5	-0.000000000000000
13	6	0.000000000000000
13	7	-2.174787532000016
13	8	-0.000000000000000
13	9	0.000000000000000
13	10	-4.129424769550813
13	11	-0.000000000000000
13	12	0.000000000000000
13	13	-4.501567100257094
14	1	-0.000038259573444
14	2	-0.000790142738996
14	3	-0.000556347445881
14	4	-0.000635975586881
14	5	-0.028318128088977
14	6	0.000000000000000
14	7	0.000000000000000
14	8	-0.032108124882065
14	9	0.000000000000000
14	10	0.000000000000000
14	11	-0.013299090365330
14	12	0.000000000000000
14	13	0.000000000000000
14	14	-10.886607929946885
15	1	0.000000000000000
15	2	0.000000000000000
15	3	0.000000000000000
15	4	0.000000000000000
15	5	0.000000000000000
15	6	-0.024438807423522
15	7	0.000000000000000
15	8	0.000000000000000
15	9	-0.027650457987062
15	10	0.000000000000000
15	11	0.000000000000000
15	12	-0.011439452567610
15	13	0.000000000000000
15	14	0.000000000000000
15	15	-10.882752708115490
16	1	-0.000000000000000
16	2	-0.000000000000000
16	3	-0.000000000000000
16	4	-0.000000000000000
16	5	-0.000000000000000
16	6	0.000000000000000
16	7	-0.026136915191598
16	8	-0.000000000000000
16	9	0.000000000000000
16	10	-0.030751869702737
16	11	-0.000000000000000
16	12	0.000000000000000
16	13	-0.012988182621699
16	14	-0.000000000000000
16	15	0.000000000000000
16	16	-10.890715872149762
17	1	0.000329376617635
17	2	0.006802337804186
17	3	0.004789594432257
17	4	0.005475112993730
17	5	0.000849053884038
17	6	0.000000000000000
17	7	0.000000000000000
17	8	0.001550705857838
17	9	0.000000000000000
17	10	0.000000000000000
17	11	0.000774365027044
17	12	0.000000000000000
17	13	0.000000000000000
17	14	-0.004131289900535
17	15	0.000000000000000
17	16	0.000000000000000
17	17	-10.885945787832881
18	1	0.000000000000000
18	2	0.000000000000000
18	3	0.000000000000000
18	4	0.000000000000000
18	5	0.000000000000000
18	6	-0.000000000000000
18	7	0.000000000000000
18	8	0.000000000000000
18	9	-0.000000000000000
18	10	0.000000000000000
18	11	0.000000000000000
18	12	-0.000000000000000
18	13	0.000000000000000
18	14	0.000000000000000
18	15	-0.000000000000000
18	16	0.000000000000000
18	17	0.000000000000000
18	18	-10.885635613979984
19	1	0.000002426740398
19	2	-0.001505398502064
19	3	-0.000378170301303
19	4	-0.002787721074145
19	5	-0.013751356594621
19	6	0.000000000000000
19	7	0.000000000000000
19	8	-0.054470901580983
19	9	0.000000000000000
19	10	0.000000000000000
19	11	-0.057796682675143
19	12	0.000000000000000
19	13	0.000000000000000
19	14	-4.508068727904454
19	15	0.000000000000000
19	16	-0.000000000000000
19	17	-0.003215765372645
19	18	0.000000000000000
19	19	-5.996191179012568
20	1	0.000000000000000
20	2	0.000000000000000
20	3	0.000000000000000
20	4	0.000000000000000
20	5	0.000000000000000
20	6	-0.011841427201974
20	7	0.000000000000000
20	8	0.000000000000000
20	9	-0.046561331860418
20	10	0.000000000000000
20	11	0.000000000000000
20	12	-0.048982499358036
20	13	0.000000000000000
20	14	0.000000000000000
20	15	-4.505050116860044
20	16	0.000000000000000
20	17	0.000000000000000
20	18	-0.000000000000000
20	19	0.000000000000000
20	20	-5.983726453815047
21	1	0.000000000000000
21	2	-0.000000000000000
21	3	-0.000000000000000
21	4	-0.000000000000000
21	5	-0.000000000000000
21	6	0.000000000000000
21	7	-0.013185364717801
21	8	-0.000000000000000
21	9	0.000000000000000
21	10	-0.058725960889673
21	11	-0.000000000000000
21	12	0.000000000000000
21	13	-0.070273660151656
21	14	0.000000000000000
21	15	0.000000000000000
21	16	-4.511630714485924
21	17	0.000000000000000
21	18	0.000000000000000
21	19	-0.000000000000000
21	20	0.000000000000000
21	21	-6.016578686676442
22	1	-0.000020891804901
22	2	0.012959973730784
22	3	0.003255667628157
22	4	0.023999487072789
22	5	0.000671968757914
22	6	0.000000000000000
22	7	0.000000000000000
22	8	0.006082314514628
22	9	0.000000000000000
22	10	0.000000000000000
22	11	0.010645580396810
22	12	0.000000000000000
22	13	0.000000000000000
22	14	-0.003215765372645
22	15	0.000000000000000
22	16	0.000000000000000
22	17	-4.507694151812089
22	18	0.000000000000000
22	19	-0.012966443083259
22	20	0.000000000000000
22	21	0.000000000000000
22	22	-5.997009378419115
23	1	0.000000000000000
23	2	0.000000000000000
23	3	0.000000000000000
23	4	0.000000000000000
23	5	0.000000000000000
23	6	-0.000000000000000
23	7	0.000000000000000
23	8	0.000000000000000
23	9	-0.000000000000000
23	10	0.000000000000000
23	11	0.000000000000000
23	12	-0.000000000000000
23	13	0.000000000000000
23	14	0.000000000000000
23	15	-0.000000000000000
23	16	0.000000000000000
23	17	0.000000000000000
23	18	-4.507305943407983
23	19	0.000000000000000
23	20	0.000000000000000
23	21	0.000000000000000
23	22	0.000000000000000
23	23	-5.993017288404904
24	1	-0.000004783110936
24	2	0.002197537289244
24	3	0.000688011892181
24	4	0.002823842187462
24	5	-0.000254601864743
24	6	0.000000000000000
24	7	0.000000000000000
24	8	-0.000405587452958
24	9	0.000000000000000
24	10	0.000000000000000
24	11	-0.000062933608991
24	12	0.000000000000000
24	13	0.000000000000000
24	14	-0.032475873483212
24	15	0.000000000000000
24	16	0.000000000000000
24	17	-0.001663938666542
24	18	0.000000000000000
24	19	-0.048528787738971
24	20	0.000000000000000
24	21	0.000000000000000
24	22	-0.004543133876348
24	23	0.000000000000000
24	24	-7.503507180294317
25	1	0.000000000000000
25	2	0.000000000000000
25	3	0.000000000000000
25	4	0.000000000000000
25	5	0.000000000000000
25	6	-0.001172025192409
25	7	0.000000000000000
25	8	0.000000000000000
25	9	-0.003796064473940
25	10	0.000000000000000
25	11	0.000000000000000
25	12	-0.002710331709911
25	13	0.000000000000000
25	14	0.000000000000000
25	15	-0.030051177398692
25	16	0.000000000000000
25	17	0.000000000000000
25	18	0.000000000000000
25	19	0.000000000000000
25	20	-0.044303419772915
25	21	0.000000000000000
25	22	0.000000000000000
25	23	0.000000000000000
25	24	0.000000000000000
25	25	-7.495853623525083
26	1	-0.000000000000000
26	2	0.000000000000000
26	3	0.000000000000000
26	4	0.000000000000000
26	5	-0.000000000000000
26	6	0.000000000000000
26	7	0.000249435777970
26	8	0.000000000000000
26	9	0.000000000000000
26	10	0.000141701392591
26	11	-0.000000000000000
26	12	0.000000000000000
26	13	-0.000259156751504
26	14	-0.000000000000000
26	15	0.000000000000000
26	16	-0.032152631099378
26	17	-0.000000000000000
26	18	0.000000000000000
26	19	-0.000000000000000
26	20	0.000000000000000
26	21	-0.050183471750772
26	22	-0.000000000000000
26	23	0.000000000000000
26	24	-0.000000000000000
26	25	0.000000000000000
26	26	-7.511519948223597
27	1	-0.000010298428742
27	2	0.004731477376750
27	3	0.001481345831410
27	4	0.006079963007172
27	5	0.002981438810450
27	6	0.000000000000000
27	7	0.000000000000000
27	8	0.010558791112594
27	9	0.000000000000000
27	10	0.000000000000000
27	11	0.008026809737627
27	12	0.000000000000000
27	13	0.000000000000000
27	14	0.000023206403190
27	15	0.000000000000000
27	16	0.000000000000000
27	17	-0.025630106071657
27	18	0.000000000000000
27	19	0.000115340169371
27	20	0.000000000000000
27	21	0.000000000000000
27	22	-0.040363889078249
27	23	0.000000000000000
27	24	-0.009719291585092
27	25	0.000000000000000
27	26	0.000000000000000
27	27	-7.504337853972742
28	1	0.000000000000000
28	2	0.000000000000000
28	3	0.000000000000000
28	4	0.000000000000000
28	5	0.000000000000000
28	6	-0.000000000000000
28	7	0.000000000000000
28	8	0.000000000000000
28	9	-0.000000000000000
28	10	0.000000000000000
28	11	0.000000000000000
28	12	-0.000000000000000
28	13	0.000000000000000
28	14	0.000000000000000
28	15	-0.000000000000000
28	16	0.000000000000000
28	17	0.000000000000000
28	18	-0.025430322177019
28	19	0.000000000000000
28	20	-0.000000000000000
28	21	0.000000000000000
28	22	0.000000000000000
28	23	-0.039370925711338
28	24	0.000000000000000
28	25	-0.000000000000000
28	26	0.000000000000000
28	27	0.000000000000000
28	28	-7.503242401999992
29	1	0.000000000000000
29	2	0.000000000000000
29	3	0.000000000000000
29	4	0.000000000000000
29	5	0.000000000000000
29	6	0.003236804053173
29	7	0.000000000000000
29	8	0.000000000000000
29	9	0.010483662770168
29	10	0.000000000000000
29	11	0.000000000000000
29	12	0.007485174142080
29	13	0.000000000000000
29	14	0.000000000000000
29	15	0.001242102287357
29	16	0.000000000000000
29	17	0.000000000000000
29	18	0.000000000000000
29	19	0.000000000000000
29	20	0.003227066002000
29	21	0.000000000000000
29	22	0.000000000000000
29	23	0.000000000000000
29	24	0.000000000000000
29	25	-0.003762195964173
29	26	0.000000000000000
29	27	0.000000000000000
29	28	0.000000000000000
29	29	-7.501509105056495
30	1	-0.000000000000000
30	2	-0.000000000000000
30	3	0.000000000000000
30	4	0.000000000000000
30	5	0.000000000000000
30	6	0.000000000000000
30	7	0.003466963358636
30	8	0.000000000000000
30	9	0.000000000000000
30	10	0.011842404788268
30	11	0.000000000000000
30	12	0.000000000000000
30	13	0.008787004535164
30	14	-0.000000000000000
30	15	0.000000000000000
30	16	0.001405225154254
30	17	-0.000000000000000
30	18	0.000000000000000
30	19	-0.000000000000000
30	20	0.000000000000000
30	21	0.004037817196070
30	22	-0.000000000000000
30	23	0.000000000000000
30	24	-0.000000000000000
30	25	0.000000000000000
30	26	-0.004211709660207
30	27	-0.000000000000000
30	28	0.000000000000000
30	29	0.000000000000000
30	30	-7.501612008982096
31	1	0.000058159849984
31	2	-0.007603923642432
31	3	-0.000232404707310
31	4	-0.137069142784012
31	5	-0.000163011520193
31	6	0.000000000000000
31	7	0.000209980489656
31	8	-0.015163207122347
31	9	0.000000000000000
31	10	0.019532471202828
31	11	-0.300608941639152
31	12	0.000000000000000
31	13	0.387408462897454
31	14	-0.000041437017809
31	15	0.000000000000000
31	16	0.000542198200942
31	17	0.000349231450311
31	18	0.000000000000000
31	19	-0.005043010486392
31	20	0.000000000000000
31	21	0.066109695224531
31	22	0.042586830112490
31	23	0.000000000000000
31	24	0.002522390630770
31	25	0.000000000000000
31	26	0.003129704833016
31	27	0.005445449485657
31	28	0.000000000000000
31	29	0.000000000000000
31	30	-0.002863845875684
31	31	-4.395318357419744
32	1	-0.061954309643153
32	2	-0.223458883461023
32	3	-0.134804465588430
32	4	-0.600337472802313
32	5	-0.066809129824811
32	6	0.000000000000000
32	7	0.085758211799581
32	8	-0.245155291838055
32	9	0.000000000000000
32	10	0.314002065662543
32	11	-0.749844544210787
32	12	0.000000000000000
32	13	0.960817715875889
32	14	-0.005552924669442
32	15	0.000000000000000
32	16	0.069243722693609
32	17	0.044482709083176
32	18	0.000000000000000
32	19	-0.031903933759999
32	20	0.000000000000000
32	21	0.391953649432902
32	22	0.251471648511684
32	23	0.000000000000000
32	24	0.036803854415591
32	25	0.000000000000000
32	26	0.046572543283074
32	27	0.080273074086623
32	28	0.000000000000000
32	29	0.000000000000000
32	30	-0.042106430866064
32	31	-2.673850682139565
32	32	-3.194893993080242
33	1	-0.602643405134199
33	2	-0.902881957407448
33	3	-0.967995339645401
33	4	-1.637110130655472
33	5	-0.172517227568286
33	6	0.000000000000000
33	7	0.218889912851189
33	8	-0.440783241852098
33	9	0.000000000000000
33	10	0.553491098701324
33	11	-0.909623762741444
33	12	0.000000000000000
33	13	1.135992718544344
33	14	-0.005538689289086
33	15	0.000000000000000
33	16	0.059361268405748
33	17	0.038332858682164
33	18	0.000000000000000
33	19	-0.026677059209708
33	20	0.000000000000000
33	21	0.265648876822788
33	22	0.171775636467148
33	23	0.000000000000000
33	24	0.010737649362413
33	25	0.000000000000000
33	26	0.013826775139395
33	27	0.024649717981897
33	28	0.000000000000000
33	29	0.000000000000000
33	30	-0.012730296075992
33	31	-1.368005064063428
33	32	-2.383774431006060
33	33	-2.762815504027599
34	1	-0.000078250196872
34	2	0.009857913147179
34	3	0.000245867099617
34	4	0.101138462872739
34	5	0.000151306756635
34	6	0.000000000000000
34	7	-0.000217496296020
34	8	0.017208196286306
34	9	0.000000000000000
34	10	-0.027216122141099
34	11	0.113888717966126
34	12	0.000000000000000
34	13	-0.264320435346307
34	14	-0.000010655972850
34	15	0.000000000000000
34	16	-0.000575198515891
34	17	-0.000413375342742
34	18	0.000000000000000
34	19	-0.009627694650228
34	20	0.000000000000000
34	21	-0.075680921495948
34	22	-0.060851508932929
34	23	0.000000000000000
34	24	-0.004285857062695
34	25	0.000000000000000
34	26	-0.002880464257904
34	27	-0.007737154112849
34	28	0.000000000000000
34	29	0.000000000000000
34	30	0.004662023850721
34	31	0.143172257350425
34	32	0.162232290509949
34	33	0.096326611267296
34	34	-3.548459647221622
35	1	0.000000000000000
35	2	0.000000000000000
35	3	0.000000000000000
35	4	0.000000000000000
35	5	0.000000000000000
35	6	-0.000017481971032
35	7	0.000000000000000
35	8	0.000000000000000
35	9	-0.003911182412764
35	10	0.000000000000000
35	11	0.000000000000000
35	12	-0.091163506837900
35	13	0.000000000000000
35	14	0.000000000000000
35	15	-0.000051521084700
35	16	0.000000000000000
35	17	0.000000000000000
35	18	0.000066380827705
35	19	0.000000000000000
35	20	-0.014551604946538
35	21	0.000000000000000
35	22	0.000000000000000
35	23	0.018750863566335
35	24	0.000000000000000
35	25	-0.000501265545974
35	26	0.000000000000000
35	27	0.000000000000000
35	28	0.001745321418448
35	29	0.001377103949663
35	30	0.000000000000000
35	31	0.000000000000000
35	32	0.000000000000000
35	33	0.000000000000000
35	34	0.000000000000000
35	35	-3.518820139404998
36	1	0.000101241222852
36	2	-0.012753792953718
36	3	-0.000317606566960
36	4	-0.131312670523657
36	5	-0.000217993218460
36	6	0.000000000000000
36	7	0.000263390856898
36	8	-0.027324025789674
36	9	0.000000000000000
36	10	0.031293083709206
36	11	-0.266424997697878
36	12	0.000000000000000
36	13	0.252110363811936
36	14	-0.000101460534848
36	15	0.000000000000000
36	16	0.000777057612291
36	17	0.000467433302653
36	18	0.000000000000000
36	19	-0.020132257149175
36	20	0.000000000000000
36	21	0.107633451568112
36	22	0.059968326879086
36	23	0.000000000000000
36	24	0.003954176846229
36	25	0.000000000000000
36	26	0.006786314533063
36	27	0.009704648460066
36	28	0.000000000000000
36	29	0.000000000000000
36	30	-0.004645970722290
36	31	-0.196433646115376
36	32	-0.222584185878360
36	33	-0.132160991395575
36	34	0.038245469605629
36	35	0.000000000000000
36	36	-3.570669618304449
37	1	0.084537786083459
37	2	0.298145402409378
37	3	0.187383342689842
37	4	0.612641071608248
37	5	0.079123918128556
37	6	0.000000000000000
37	7	-0.139324787166021
37	8	0.241836633463081
37	9	0.000000000000000
37	10	-0.474208855888792
37	11	0.310681271523069
37	12	0.000000000000000
37	13	-0.962048471287218
37	14	-0.021894147804587
37	15	0.000000000000000
37	16	-0.095200097737924
37	17	-0.084244263804913
37	18	0.000000000000000
37	19	-0.158385745409723
37	20	0.000000000000000
37	21	-0.411958509217238
37	22	-0.414178336280985
37	23	0.000000000000000
37	24	-0.086672625770423
37	25	0.000000000000000
37	26	0.000492002341696
37	27	-0.119871885489681
37	28	0.000000000000000
37	29	0.000000000000000
37	30	0.089281119996420
37	31	0.097762874232035
37	32	0.297630846380895
37	33	0.318678119990838
37	34	-2.026673195368954
37	35	0.000000000000000
37	36	0.036868950338544
37	37	-2.955675207780446
38	1	0.000000000000000
38	2	0.000000000000000
38	3	0.000000000000000
38	4	0.000000000000000
38	5	0.000000000000000
38	6	-0.029298958698988
38	7	0.000000000000000
38	8	0.000000000000000
38	9	-0.127640647052102
38	10	0.000000000000000
38	11	0.000000000000000
38	12	-0.438355555908797
38	13	0.000000000000000
38	14	0.000000000000000
38	15	-0.027937170595698
38	16	0.000000000000000
38	17	0.000000000000000
38	18	0.035860575264449
38	19	0.000000000000000
38	20	-0.181640243678757
38	21	0.000000000000000
38	22	0.000000000000000
38	23	0.232875470192807
38	24	0.000000000000000
38	25	-0.022759046163766
38	26	0.000000000000000
38	27	0.000000000000000
38	28	0.078238647932000
38	29	0.061527405977659
38	30	0.000000000000000
38	31	0.000000000000000
38	32	0.000000000000000
38	33	0.000000000000000
38	34	0.000000000000000
38	35	-1.998100463669793
38	36	0.000000000000000
38	37	0.000000000000000
38	38	-2.848246055243349
39	1	-0.109081635912831
39	2	-0.385909563436851
39	3	-0.241986750469491
39	4	-0.796324902697428
39	5	-0.140022182154098
39	6	0.000000000000000
39	7	0.150569602770744
39	8	-0.478448600339609
39	9	0.000000000000000
39	10	0.485638636237649
39	11	-0.976040705165756
39	12	0.000000000000000
39	13	0.811683066396382
39	14	-0.034147688925338
39	15	0.000000000000000
39	16	0.141302216710349
39	17	0.072899430305463
39	18	0.000000000000000
39	19	-0.201901367357846
39	20	0.000000000000000
39	21	0.653011126836300
39	22	0.302770260408434
39	23	0.000000000000000
39	24	0.040352675661565
39	25	0.000000000000000
39	26	0.136367934581182
39	27	0.141515851651004
39	28	0.000000000000000
39	29	0.000000000000000
39	30	-0.053774298445801
39	31	-0.134131557307489
39	32	-0.408355663816207
39	33	-0.437304449306739
39	34	0.036868950338544
39	35	0.000000000000000
39	36	-2.048083791954295
39	37	0.138621680681602
39	38	0.000000000000000
39	39	-3.036180221364381
40	1	0.000012776404583
40	2	-0.004191484630985
40	3	-0.000450400114966
40	4	-0.013478943708437
40	5	0.000189910976299
40	6	0.000000000000000
40	7	0.000873426089091
40	8	0.012366643896914
40	9	0.000000000000000
40	10	0.023995532824253
40	11	0.107557929242332
40	12	0.000000000000000
40	13	0.114434616134012
40	14	0.002022053981441
40	15	0.000000000000000
40	16	0.000300767437894
40	17	0.001916698782199
40	18	0.000000000000000
40	19	0.083573983333873
40	20	0.000000000000000
40	21	-0.009405217325031
40	22	0.067813544677317
40	23	0.000000000000000
40	24	0.011647742340480
40	25	0.000000000000000
40	26	-0.018201045560967
40	27	0.006627604564103
40	28	0.000000000000000
40	29	0.000000000000000
40	30	-0.012785933613659
40	31	-0.002252612935845
40	32	-0.005217432320558
40	33	-0.004063192485521
40	34	0.155344362304551
40	35	0.000000000000000
40	36	0.104883145666297
40	37	0.195708011195134
40	38	0.000000000000000
40	39	0.130541757862411
40	40	-3.158076254358979
41	1	0.000000000000000
41	2	0.000000000000000
41	3	0.000000000000000
41	4	0.000000000000000
41	5	0.000000000000000
41	6	0.000500396606614
41	7	0.000000000000000
41	8	0.000000000000000
41	9	0.017851557872469
41	10	0.000000000000000
41	11	0.000000000000000
41	12	0.112926558818640
41	13	0.000000000000000
41	14	0.000000000000000
41	15	0.001048366877415
41	16	0.000000000000000
41	17	0.000000000000000
41	18	-0.001542509225559
41	19	0.000000000000000
41	20	0.040067799663267
41	21	0.000000000000000
41	22	0.000000000000000
41	23	-0.066072291069534
41	24	0.000000000000000
41	25	0.002249980627101
41	26	0.000000000000000
41	27	0.000000000000000
41	28	-0.013489258105576
41	29	-0.012487980595447
41	30	0.000000000000000
41	31	0.000000000000000
41	32	0.000000000000000
41	33	0.000000000000000
41	34	0.000000000000000
41	35	0.133597741946684
41	36	0.000000000000000
41	37	0.000000000000000
41	38	0.167426564983412
41	39	0.000000000000000
41	40	0.000000000000000
41	41	-3.124712760927489
42	1	-0.000183745964500
42	2	0.057616993377706
42	3	0.006077406220248
42	4	0.193654332427956
42	5	0.004578171763129
42	6	0.000000000000000
42	7	-0.006228958828654
42	8	0.090420425075527
42	9	0.000000000000000
42	10	-0.128342043684908
42	11	0.185517665162805
42	12	0.000000000000000
42	13	-0.315108919547841
42	14	0.000329173059621
42	15	0.000000000000000
42	16	-0.012967596307483
42	17	-0.008767472702226
42	18	0.000000000000000
42	19	-0.008410604966662
42	20	0.000000000000000
42	21	-0.267872114559621
42	22	-0.187301554695383
42	23	0.000000000000000
42	24	-0.032971026803692
42	25	0.000000000000000
42	26	-0.029610914394274
42	27	-0.062549295716839
42	28	0.000000000000000
42	29	0.000000000000000
42	30	0.034424571976851
42	31	0.040169410683260
42	32	0.093039150895360
42	33	0.072456408140488
42	34	-0.197986085286519
42	35	0.000000000000000
42	36	0.152175578059643
42	37	-0.262117475365952
42	38	0.000000000000000
42	39	0.208413430419133
42	40	0.028029777601735
42	41	0.000000000000000
42	42	-3.202467269837067
43	1	-0.000119406979088
43	2	0.037282161330625
43	3	0.003925174014083
43	4	0.125918432759163
43	5	0.003373626584556
43	6	0.000000000000000
43	7	-0.003698657931708
43	8	0.073463586775754
43	9	0.000000000000000
43	10	-0.071476262414154
43	11	0.216375029907138
43	12	0.000000000000000
43	13	-0.131638375843851
43	14	0.001942099258221
43	15	0.000000000000000
43	16	-0.008789951625587
43	17	-0.004813987918082
43	18	0.000000000000000
43	19	0.068938679813105
43	20	0.000000000000000
43	21	-0.188238090612605
43	22	-0.089663809774033
43	23	0.000000000000000
43	24	-0.010833670815520
43	25	0.000000000000000
43	26	-0.034859653577466
43	27	-0.038998144459587
43	28	0.000000000000000
43	29	0.000000000000000
43	30	0.017040368659374
43	31	0.027228885317685
43	32	0.063066705476727
43	33	0.049114675354529
43	34	-0.009288918056480
43	35	0.000000000000000
43	36	0.196060404992022
43	37	-0.020493432717861
43	38	0.000000000000000
43	39	0.257868994305515
43	40	-0.036064723937254
43	41	0.000000000000000
43	42	-0.055911171395459
43	43	-3.158133725762365
44	1	0.000000000000000
44	2	0.000000000000000
44	3	0.000000000000000
44	4	0.000000000000000
44	5	0.000000000000000
44	6	-0.000646212953027
44	7	0.000000000000000
44	8	0.000000000000000
44	9	-0.023097422219754
44	10	0.000000000000000
44	11	0.000000000000000
44	12	-0.146787891280869
44	13	0.000000000000000
44	14	0.000000000000000
44	15	-0.001546823565941
44	16	0.000000000000000
44	17	0.000000000000000
44	18	0.001842663284214
44	19	0.000000000000000
44	20	-0.066401657511376
44	21	0.000000000000000
44	22	0.000000000000000
44	23	0.074265910276118
44	24	0.000000000000000
44	25	-0.006627591564290
44	26	0.000000000000000
44	27	0.000000000000000
44	28	0.018640032402913
44	29	0.013263663312408
44	30	0.000000000000000
44	31	0.000000000000000
44	32	0.000000000000000
44	33	0.000000000000000
44	34	0.000000000000000
44	35	-0.183588617446171
44	36	0.000000000000000
44	37	0.000000000000000
44	38	-0.230353438187487
44	39	0.000000000000000
44	40	0.000000000000000
44	41	0.046694737857375
44	42	0.000000000000000
44	43	0.000000000000000
44	44	-3.151994621039425
45	1	0.000058159849984
45	2	-0.007603923642432
45	3	-0.000232404707310
45	4	-0.137069142784012
45	5	-0.000163011520193
45	6	0.000000000000000
45	7	-0.000209980489656
45	8	-0.015163207122347
45	9	0.000000000000000
45	10	-0.019532471202828
45	11	-0.300608941639152
45	12	0.000000000000000
45	13	-0.387408462897455
45	14	-0.000041437017809
45	15	0.000000000000000
45	16	-0.000542198200942
45	17	0.000349231450311
45	18	0.000000000000000
45	19	-0.005043010486392
45	20	0.000000000000000
45	21	-0.066109695224532
45	22	0.042586830112490
45	23	0.000000000000000
45	24	0.002522390630770
45	25	0.000000000000000
45	26	-0.003129704833016
45	27	0.005445449485657
45	28	0.000000000000000
45	29	0.000000000000000
45	30	0.002863845875684
45	31	-0.000000003107282
45	32	-0.000280500653348
45	33	-0.047675943626445
45	34	0.000000000080140
45	35	0.000000000000000
45	36	-0.000000003131404
45	37	0.000007670891313
45	38	0.000000000000000
45	39	-0.000457017811193
45	40	0.000000111531777
45	41	0.000000000000000
45	42	0.000000010065948
45	43	0.000000194122238
45	44	0.000000000000000
45	45	-4.395318357419746
46	1	-0.061954309643153
46	2	-0.223458883461024
46	3	-0.134804465588430
46	4	-0.600337472802314
46	5	-0.066809129824812
46	6	0.000000000000000
46	7	-0.085758211799581
46	8	-0.245155291838055
46	9	0.000000000000000
46	10	-0.314002065662544
46	11	-0.749844544210788
46	12	0.000000000000000
46	13	-0.960817715875890
46	14	-0.005552924669442
46	15	0.000000000000000
46	16	-0.069243722693609
46	17	0.044482709083176
46	18	0.000000000000000
46	19	-0.031903933759999
46	20	0.000000000000000
46	21	-0.391953649432902
46	22	0.251471648511685
46	23	0.000000000000000
46	24	0.036803854415591
46	25	0.000000000000000
46	26	-0.046572543283074
46	27	0.080273074086623
46	28	0.000000000000000
46	29	0.000000000000000
46	30	0.042106430866064
46	31	-0.000280500653348
46	32	-0.012215456738668
46	33	-0.176308703378126
46	34	0.000026417879432
46	35	0.000000000000000
46	36	-0.000547404206966
46	37	0.002165737946640
46	38	0.000000000000000
46	39	-0.025004254993691
46	40	0.001000095240680
46	41	0.000000000000000
46	42	0.000225204469524
46	43	0.001776480278303
46	44	0.000000000000000
46	45	-2.673850682139565
46	46	-3.194893993080243
47	1	-0.602643405134199
47	2	-0.902881957407449
47	3	-0.967995339645402
47	4	-1.637110130655473
47	5	-0.172517227568286
47	6	0.000000000000000
47	7	-0.218889912851189
47	8	-0.440783241852098
47	9	0.000000000000000
47	10	-0.553491098701325
47	11	-0.909623762741444
47	12	0.000000000000000
47	13	-1.135992718544344
47	14	-0.005538689289086
47	15	0.000000000000000
47	16	-0.059361268405748
47	17	0.038332858682164
47	18	0.000000000000000
47	19	-0.026677059209708
47	20	0.000000000000000
47	21	-0.265648876822788
47	22	0.171775636467148
47	23	0.000000000000000
47	24	0.010737649362413
47	25	0.000000000000000
47	26	-0.013826775139394
47	27	0.024649717981897
47	28	0.000000000000000
47	29	0.000000000000000
47	30	0.012730296075992
47	31	-0.047675943626445
47	32	-0.176308703378126
47	33	-0.577561770402742
47	34	0.004094990002028
47	35	0.000000000000000
47	36	-0.042944838952639
47	37	0.037571203821314
47	38	0.000000000000000
47	39	-0.246002183998079
47	40	0.020207986301554
47	41	0.000000000000000
47	42	0.010736342039888
47	43	0.038490754071687
47	44	0.000000000000000
47	45	-1.368005064063428
47	46	-2.383774431006060
47	47	-2.762815504027600
48	1	-0.000078250196872
48	2	0.009857913147179
48	3	0.000245867099617
48	4	0.101138462872739
48	5	0.000151306756635
48	6	0.000000000000000
48	7	0.000217496296020
48	8	0.017208196286306
48	9	0.000000000000000
48	10	0.027216122141099
48	11	0.113888717966125
48	12	0.000000000000000
48	13	0.264320435346307
48	14	-0.000010655972850
48	15	0.000000000000000
48	16	0.000575198515891
48	17	-0.000413375342742
48	18	0.000000000000000
48	19	-0.009627694650228
48	20	0.000000000000000
48	21	0.075680921495948
48	22	-0.060851508932929
48	23	0.000000000000000
48	24	-0.004285857062695
48	25	0.000000000000000
48	26	0.002880464257904
48	27	-0.007737154112849
48	28	0.000000000000000
48	29	0.000000000000000
48	30	-0.004662023850721
48	31	0.000000000080140
48	32	0.000026417879432
48	33	0.004094990002028
48	34	-0.000000000053838
48	35	0.000000000000000
48	36	0.000000000055302
48	37	-0.000044288656272
48	38	0.000000000000000
48	39	0.000041899317534
48	40	-0.000000003750105
48	41	0.000000000000000
48	42	-0.000000012866994
48	43	-0.000000007082044
48	44	0.000000000000000
48	45	0.143172257350421
48	46	0.162232290509949
48	47	0.096326611267296
48	48	-3.548459647221623
49	1	0.000000000000000
49	2	0.000000000000000
49	3	0.000000000000000
49	4	0.000000000000000
49	5	0.000000000000000
49	6	-0.000017481971032
49	7	0.000000000000000
49	8	0.000000000000000
49	9	-0.003911182412764
49	10	0.000000000000000
49	11	0.000000000000000
49	12	-0.091163506837900
49	13	0.000000000000000
49	14	0.000000000000000
49	15	-0.000051521084700
49	16	0.000000000000000
49	17	0.000000000000000
49	18	-0.000066380827705
49	19	0.000000000000000
49	20	-0.014551604946539
49	21	0.000000000000000
49	22	0.000000000000000
49	23	-0.018750863566335
49	24	0.000000000000000
49	25	-0.000501265545974
49	26	0.000000000000000
49	27	0.000000000000000
49	28	-0.001745321418448
49	29	0.001377103949663
49	30	0.000000000000000
49	31	0.000000000000000
49	32	0.000000000000000
49	33	0.000000000000000
49	34	0.000000000000000
49	35	-0.000000000049575
49	36	0.000000000000000
49	37	0.000000000000000
49	38	-0.000042106927425
49	39	0.000000000000000
49	40	0.000000000000000
49	41	0.000000000225902
49	42	0.000000000000000
49	43	0.000000000000000
49	44	-0.000000011806248
49	45	0.000000000000000
49	46	0.000000000000000
49	47	0.000000000000000
49	48	0.000000000000000
49	49	-3.518820139404998
50	1	-0.000101241222852
50	2	0.012753792953718
50	3	0.000317606566960
50	4	0.131312670523657
50	5	0.000217993218460
50	6	0.000000000000000
50	7	0.000263390856898
50	8	0.027324025789674
50	9	0.000000000000000
50	10	0.031293083709206
50	11	0.266424997697878
50	12	0.000000000000000
50	13	0.252110363811936
50	14	0.000101460534848
50	15	0.000000000000000
50	16	0.000777057612291
50	17	-0.000467433302653
50	18	0.000000000000000
50	19	0.020132257149175
50	20	0.000000000000000
50	21	0.107633451568112
50	22	-0.059968326879086
50	23	0.000000000000000
50	24	-0.003954176846229
50	25	0.000000000000000
50	26	0.006786314533063
50	27	-0.009704648460067
50	28	0.000000000000000
50	29	0.000000000000000
50	30	-0.004645970722290
50	31	0.000000003131404
50	32	0.000547404206966
50	33	0.042944838952639
50	34	-0.000000000055302
50	35	0.000000000000000
50	36	0.000000002519577
50	37	-0.000013593196522
50	38	0.000000000000000
50	39	0.000925744551573
50	40	-0.000000144885840
50	41	0.000000000000000
50	42	-0.000000010755264
50	43	-0.000000251789805
50	44	0.000000000000000
50	45	0.196433646115376
50	46	0.222584185878360
50	47	0.132160991395575
50	48	-0.038245469605629
50	49	0.000000000000000
50	50	-3.570669618304450
51	1	0.084537786083459
51	2	0.298145402409378
51	3	0.187383342689843
51	4	0.612641071608249
51	5	0.079123918128556
51	6	0.000000000000000
51	7	0.139324787166021
51	8	0.241836633463081
51	9	0.000000000000000
51	10	0.474208855888793
51	11	0.310681271523068
51	12	0.000000000000000
51	13	0.962048471287219
51	14	-0.021894147804587
51	15	0.000000000000000
51	16	0.095200097737924
51	17	-0.084244263804913
51	18	0.000000000000000
51	19	-0.158385745409724
51	20	0.000000000000000
51	21	0.411958509217238
51	22	-0.414178336280986
51	23	0.000000000000000
51	24	-0.086672625770423
51	25	0.000000000000000
51	26	-0.000492002341696
51	27	-0.119871885489681
51	28	0.000000000000000
51	29	0.000000000000000
51	30	-0.089281119996420
51	31	0.000007670891313
51	32	0.002165737946640
51	33	0.037571203821314
51	34	-0.000044288656272
51	35	0.000000000000000
51	36	0.000013593196522
51	37	-0.004654253901685
51	38	0.000000000000000
51	39	0.004206654715204
51	40	-0.000028416579791
51	41	0.000000000000000
51	42	-0.000391362214806
51	43	-0.000093500288591
51	44	0.000000000000000
51	45	0.097762874232035
51	46	0.297630846380895
51	47	0.318678119990838
51	48	-2.026673195368955
51	49	0.000000000000000
51	50	-0.036868950338544
51	51	-2.955675207780446
52	1	0.000000000000000
52	2	0.000000000000000
52	3	0.000000000000000
52	4	0.000000000000000
52	5	0.000000000000000
52	6	-0.029298958698988
52	7	0.000000000000000
52	8	0.000000000000000
52	9	-0.127640647052103
52	10	0.000000000000000
52	11	0.000000000000000
52	12	-0.438355555908797
52	13	0.000000000000000
52	14	0.000000000000000
52	15	-0.027937170595698
52	16	0.000000000000000
52	17	0.000000000000000
52	18	-0.035860575264449
52	19	0.000000000000000
52	20	-0.181640243678757
52	21	0.000000000000000
52	22	0.000000000000000
52	23	-0.232875470192808
52	24	0.000000000000000
52	25	-0.022759046163766
52	26	0.000000000000000
52	27	0.000000000000000
52	28	-0.078238647932000
52	29	0.061527405977659
52	30	0.000000000000000
52	31	0.000000000000000
52	32	0.000000000000000
52	33	0.000000000000000
52	34	0.000000000000000
52	35	-0.000042106927425
52	36	0.000000000000000
52	37	0.000000000000000
52	38	-0.003600586382417
52	39	0.000000000000000
52	40	0.000000000000000
52	41	0.000016958119989
52	42	0.000000000000000
52	43	0.000000000000000
52	44	-0.000354887978080
52	45	0.000000000000000
52	46	0.000000000000000
52	47	0.000000000000000
52	48	0.000000000000000
52	49	-1.998100463669794
52	50	0.000000000000000
52	51	0.000000000000000
52	52	-2.848246055243349
53	1	0.109081635912831
53	2	0.385909563436852
53	3	0.241986750469492
53	4	0.796324902697430
53	5	0.140022182154099
53	6	0.000000000000000
53	7	0.150569602770744
53	8	0.478448600339610
53	9	0.000000000000000
53	10	0.485638636237650
53	11	0.976040705165756
53	12	0.000000000000000
53	13	0.811683066396383
53	14	0.034147688925338
53	15	0.000000000000000
53	16	0.141302216710349
53	17	-0.072899430305463
53	18	0.000000000000000
53	19	0.201901367357846
53	20	0.000000000000000
53	21	0.653011126836301
53	22	-0.302770260408435
53	23	0.000000000000000
53	24	-0.040352675661565
53	25	0.000000000000000
53	26	0.136367934581182
53	27	-0.141515851651005
53	28	0.000000000000000
53	29	0.000000000000000
53	30	-0.053774298445801
53	31	0.000457017811193
53	32	0.025004254993691
53	33	0.246002183998079
53	34	-0.000041899317534
53	35	0.000000000000000
53	36	0.000925744551573
53	37	-0.004206654715204
53	38	0.000000000000000
53	39	0.052213365846532
53	40	-0.001977216921665
53	41	0.000000000000000
53	42	-0.000411323660950
53	43	-0.003500943350219
53	44	0.000000000000000
53	45	0.134131557307489
53	46	0.408355663816207
53	47	0.437304449306739
53	48	-0.036868950338544
53	49	0.000000000000000
53	50	-2.048083791954295
53	51	-0.138621680681603
53	52	0.000000000000000
53	53	-3.036180221364381
54	1	0.000012776404583
54	2	-0.004191484630985
54	3	-0.000450400114966
54	4	-0.013478943708437
54	5	0.000189910976299
54	6	0.000000000000000
54	7	-0.000873426089091
54	8	0.012366643896914
54	9	0.000000000000000
54	10	-0.023995532824253
54	11	0.107557929242332
54	12	0.000000000000000
54	13	-0.114434616134012
54	14	0.002022053981441
54	15	0.000000000000000
54	16	-0.000300767437894
54	17	0.001916698782199
54	18	0.000000000000000
54	19	0.083573983333873
54	20	0.000000000000000
54	21	0.009405217325031
54	22	0.067813544677317
54	23	0.000000000000000
54	24	0.011647742340480
54	25	0.000000000000000
54	26	0.018201045560967
54	27	0.006627604564103
54	28	0.000000000000000
54	29	0.000000000000000
54	30	0.012785933613659
54	31	0.000000111531777
54	32	0.001000095240680
54	33	0.020207986301554
54	34	-0.000000003750105
54	35	0.000000000000000
54	36	0.000000144885840
54	37	-0.000028416579791
54	38	0.000000000000000
54	39	0.001977216921665
54	40	-0.000002806439969
54	41	0.000000000000000
54	42	-0.000000257279938
54	43	-0.000004842703093
54	44	0.000000000000000
54	45	-0.002252612935845
54	46	-0.005217432320557
54	47	-0.004063192485521
54	48	0.155344362304551
54	49	0.000000000000000
54	50	-0.104883145666297
54	51	0.195708011195134
54	52	0.000000000000000
54	53	-0.130541757862412
54	54	-3.158076254358980
55	1	0.000000000000000
55	2	0.000000000000000
55	3	0.000000000000000
55	4	0.000000000000000
55	5	0.000000000000000
55	6	0.000500396606614
55	7	0.000000000000000
55	8	0.000000000000000
55	9	0.017851557872469
55	10	0.000000000000000
55	11	0.000000000000000
55	12	0.112926558818640
55	13	0.000000000000000
55	14	0.000000000000000
55	15	0.001048366877415
55	16	0.000000000000000
55	17	0.000000000000000
55	18	0.001542509225559
55	19	0.000000000000000
55	20	0.040067799663267
55	21	0.000000000000000
55	22	0.000000000000000
55	23	0.066072291069534
55	24	0.000000000000000
55	25	0.002249980627101
55	26	0.000000000000000
55	27	0.000000000000000
55	28	0.013489258105576
55	29	-0.012487980595447
55	30	0.000000000000000
55	31	0.000000000000000
55	32	0.000000000000000
55	33	0.000000000000000
55	34	0.000000000000000
55	35	0.000000000225902
55	36	0.000000000000000
55	37	0.000000000000000
55	38	0.000016958119989
55	39	0.000000000000000
55	40	0.000000000000000
55	41	-0.000000026665336
55	42	0.000000000000000
55	43	0.000000000000000
55	44	0.000000024781417
55	45	0.000000000000000
55	46	0.000000000000000
55	47	0.000000000000000
55	48	0.000000000000000
55	49	0.133597741946684
55	50	0.000000000000000
55	51	0.000000000000000
55	52	0.167426564983412
55	53	0.000000000000000
55	54	0.000000000000000
55	55	-3.124712760927490
56	1	0.000183745964500
56	2	-0.057616993377706
56	3	-0.006077406220248
56	4	-0.193654332427956
56	5	-0.004578171763129
56	6	0.000000000000000
56	7	-0.006228958828654
56	8	-0.090420425075527
56	9	0.000000000000000
56	10	-0.128342043684908
56	11	-0.185517665162805
56	12	0.000000000000000
56	13	-0.315108919547841
56	14	-0.000329173059621
56	15	0.000000000000000
56	16	-0.012967596307483
56	17	0.008767472702226
56	18	0.000000000000000
56	19	0.008410604966662
56	20	0.000000000000000
56	21	-0.267872114559621
56	22	0.187301554695384
56	23	0.000000000000000
56	24	0.032971026803692
56	25	0.000000000000000
56	26	-0.029610914394274
56	27	0.062549295716839
56	28	0.000000000000000
56	29	0.000000000000000
56	30	0.034424571976851
56	31	-0.000000010065948
56	32	-0.000225204469524
56	33	-0.010736342039888
56	34	0.000000012866994
56	35	0.000000000000000
56	36	-0.000000010755264
56	37	0.000391362214806
56	38	0.000000000000000
56	39	-0.000411323660950
56	40	0.000000257279938
56	41	0.000000000000000
56	42	0.000001039450330
56	43	0.000000514053586
56	44	0.000000000000000
56	45	-0.040169410683260
56	46	-0.093039150895360
56	47	-0.072456408140488
56	48	0.197986085286519
56	49	0.000000000000000
56	50	0.152175578059643
56	51	0.262117475365952
56	52	0.000000000000000
56	53	0.208413430419133
56	54	-0.028029777601735
56	55	0.000000000000000
56	56	-3.202467269837068
57	1	-0.000119406979088
57	2	0.037282161330625
57	3	0.003925174014083
57	4	0.125918432759163
57	5	0.003373626584556
57	6	0.000000000000000
57	7	0.003698657931708
57	8	0.073463586775754
57	9	0.000000000000000
57	10	0.071476262414154
57	11	0.216375029907138
57	12	0.000000000000000
57	13	0.131638375843851
57	14	0.001942099258221
57	15	0.000000000000000
57	16	0.008789951625587
57	17	-0.004813987918082
57	18	0.000000000000000
57	19	0.068938679813105
57	20	0.000000000000000
57	21	0.188238090612606
57	22	-0.089663809774034
57	23	0.000000000000000
57	24	-0.010833670815520
57	25	0.000000000000000
57	26	0.034859653577466
57	27	-0.038998144459587
57	28	0.000000000000000
57	29	0.000000000000000
57	30	-0.017040368659374
57	31	0.000000194122238
57	32	0.001776480278303
57	33	0.038490754071687
57	34	-0.000000007082044
57	35	0.000000000000000
57	36	0.000000251789805
57	37	-0.000093500288591
57	38	0.000000000000000
57	39	0.003500943350219
57	40	-0.000004842703093
57	41	0.000000000000000
57	42	-0.000000514053586
57	43	-0.000008467451090
57	44	0.000000000000000
57	45	0.027228885317685
57	46	0.063066705476727
57	47	0.049114675354529
57	48	-0.009288918056480
57	49	0.000000000000000
57	50	-0.196060404992023
57	51	-0.020493432717861
57	52	0.000000000000000
57	53	-0.257868994305515
57	54	-0.036064723937254
57	55	0.000000000000000
57	56	0.055911171395459
57	57	-3.158133725762366
58	1	0.000000000000000
58	2	0.000000000000000
58	3	0.000000000000000
58	4	0.000000000000000
58	5	0.000000000000000
58	6	0.000646212953027
58	7	0.000000000000000
58	8	0.000000000000000
58	9	0.023097422219754
58	10	0.000000000000000
58	11	0.000000000000000
58	12	0.146787891280869
58	13	0.000000000000000
58	14	0.000000000000000
58	15	0.001546823565941
58	16	0.000000000000000
58	17	0.000000000000000
58	18	0.001842663284214
58	19	0.000000000000000
58	20	0.066401657511376
58	21	0.000000000000000
58	22	0.000000000000000
58	23	0.074265910276118
58	24	0.000000000000000
58	25	0.006627591564290
58	26	0.000000000000000
58	27	0.000000000000000
58	28	0.018640032402913
58	29	-0.013263663312408
58	30	0.000000000000000
58	31	0.000000000000000
58	32	0.000000000000000
58	33	0.000000000000000
58	34	0.000000000000000
58	35	0.000000011806248
58	36	0.000000000000000
58	37	0.000000000000000
58	38	0.000354887978080
58	39	0.000000000000000
58	40	0.000000000000000
58	41	-0.000000024781417
58	42	0.000000000000000
58	43	0.000000000000000
58	44	0.000000931210532
58	45	0.000000000000000
58	46	0.000000000000000
58	47	0.000000000000000
58	48	0.000000000000000
58	49	0.183588617446171
58	50	0.000000000000000
58	51	0.000000000000000
58	52	0.230353438187488
58	53	0.000000000000000
58	54	0.000000000000000
58	55	-0.046694737857375
58	56	0.000000000000000
58	57	0.000000000000000
58	58	-3.151994621039425
